              precision    recall  f1-score   support

        1002       1.00      0.67      0.80         3
        1003       0.00      0.00      0.00         6
         325       0.82      0.90      0.86        30
         351       0.88      0.88      0.88         8
         354       0.40      0.22      0.29         9
         355       0.73      0.89      0.80        27
         356       0.75      0.55      0.63        11
         357       0.70      0.70      0.70        10
         359       0.80      0.80      0.80         5
         386       0.00      0.00      0.00         3
         387       0.82      0.90      0.86        10
         445       0.25      0.20      0.22         5
         453       0.29      0.50      0.36         4
         454       0.81      0.83      0.82       101

    accuracy                           0.75       232
   macro avg       0.59      0.57      0.57       232
weighted avg       0.73      0.75      0.74       232
