              precision    recall  f1-score   support

        1002       0.00      0.00      0.00         7
        1003       0.50      0.10      0.17        10
         325       0.65      0.87      0.74        30
         351       0.67      1.00      0.80         2
         354       0.50      0.38      0.43         8
         355       0.81      0.89      0.85        19
         356       1.00      0.82      0.90        11
         357       0.90      0.64      0.75        14
         359       1.00      0.80      0.89         5
         386       0.43      0.50      0.46         6
         387       0.71      0.86      0.77        14
         445       0.33      0.43      0.38         7
         453       0.20      0.11      0.14         9
         454       0.76      0.83      0.79        94

    accuracy                           0.71       236
   macro avg       0.60      0.59      0.58       236
weighted avg       0.68      0.71      0.69       236
