              precision    recall  f1-score   support

        1002       1.00      0.67      0.80         3
        1003       0.00      0.00      0.00         6
         325       0.70      0.93      0.80        30
         351       0.83      0.62      0.71         8
         354       0.67      0.44      0.53         9
         355       0.69      0.89      0.77        27
         356       1.00      0.55      0.71        11
         357       0.89      0.80      0.84        10
         359       0.83      1.00      0.91         5
         386       0.50      0.33      0.40         3
         387       1.00      0.70      0.82        10
         445       0.40      0.40      0.40         5
         453       0.14      0.25      0.18         4
         454       0.84      0.83      0.84       101

    accuracy                           0.76       232
   macro avg       0.68      0.60      0.62       232
weighted avg       0.77      0.76      0.75       232
