              precision    recall  f1-score   support

        1002       0.67      0.67      0.67         3
        1003       0.25      0.17      0.20         6
         325       0.67      0.93      0.78        30
         351       0.83      0.62      0.71         8
         354       0.71      0.56      0.63         9
         355       0.73      0.89      0.80        27
         356       1.00      0.45      0.62        11
         357       0.89      0.80      0.84        10
         359       0.83      1.00      0.91         5
         386       0.50      0.33      0.40         3
         387       0.86      0.60      0.71        10
         445       0.33      0.40      0.36         5
         453       0.25      0.50      0.33         4
         454       0.85      0.79      0.82       101

    accuracy                           0.75       232
   macro avg       0.67      0.62      0.63       232
weighted avg       0.77      0.75      0.75       232
